483921657967345821251876493548132976729564138136798245372689514814253769695417382
245981376169273584837564219976125438513498627482736951391657842728349165654812793
462831957795426183381795426173984265659312748248567319926178534834259671517643892
137256849928314567465897312673542981819673254542189736256731498391428675784965822
523816749784593126691472835239145687457268913168937254342789561915624378774955892
176923584524817639893654271957348162638192457412765398265489713781236945349571826
143986257679425381285731694962354178357618942418279563821567439796143825539892816
487156932362498731915372864846519273593724186271863549124687397779963825659237818
814976532659123478732854169948265317275341896163798245391682754587439621429517883
761928453925743168438615927357461289894372615216589374689154732142837596529296841
976125438158436927423879156234761895867952314519384762782513649395647281629298873
962341758148975623573268149321694875487512936695837412834726591216459387629183873
397681524645279813218534976823956741169742358754318692472893165531467289989125837
639218457471539268825674139564823791793451826218796345352987614186345972949162883
697128345428635197315479682531246978286397451974581263149852736752963814869714829
691725948587964213492831657638259471184693592979187836746392185723568764869476829
699867124648312597712549836876924351584791968973685472931476285765268713269153849
786945312219863457534271869165482973327619548478587126951728634842356791669194885
743512986589346217126987345934251768671498532872783491398675124417829651269194879
782614359439825176651937428293471865568392714177588293326749581975183641869294837
428531796365947182971268435214896573697453218573182964849615327752389641169724859
425781936178369524369524187894157362652843791713692845987216453536478219249935878
348267951571943628269185374697351482123874596854629137415798263982436219739512849
124986735867435912395712684478359261259861347631274598712698453983547126549123879
361524789789361425524879361893157642412683597657942138148796253235418976979233874
581479263329156847647328159956731428238964571714582936172695384893247615465813792
387256419469781325512439867123548976758963241694127583835674192271897634446312758
345871269279653184861429537197346852452718396683592741738264915516937438424115673
235761489419328576867549213746135928521896734983472651394287165652917847478614392
298175643657394128134286579821649735573821496469753281312468957785912364446517812
761543289832791645549628137374215968128936574695487321417369852953872416286114793
132649785758213649964785123543897216276531894891426537619378452327154968485912373
698173542354628179172549368531897426946312857827456913765931284213784665489912373
852716943197843652463925187278634591645179328931582476786491235314258769529912373
453218796629753481178496532796582314314967825285134679542879163937641258861312373
516289347849173256732465918698317524327954861154826739961732485275648193483312373
945681723781234965326759184269175348138942576574863219457326891612598437893312373
365942871128756493974813562819435627537268149642179358296384715753691284481512373
134587296278169354695234817359816472821473569746925183917348625462751938583612373
193672485462358971785914623538296714674135298219487356826741539941523867357812373
814976532659123478732854169948265317275341896163798245391682754587439621426517983
384567921126439785759821346563798214847312659912645873231974568495286137678113493
469158372712463859538297641927634518385719426146582793653941287294876135871315963
316549278987321645452678931594236817238417569671985324845162793129753486763894152
586127943723469851491853267135974628279618534648532179917246385352781486864395712
954213687617548923832796541763851294128974365549362178281637459475129836396485712
159743862276589431348612759624978315917235684583164297435821976861497523792356148
861357294597482361432619785916275843358964127274138956789541632143826579625793148
294863517715429638863751492152947863479386251638512974986134725521678349347295186
351286497492157638786934512275469183938521764614873259829645371163792845547318186
351286497492157638786934512275469183938521764614873259829645371163792845547318186
